100 2674 15000 2481 14300 2193 18100 2652 13900 2385 13800 2765 14700 2641 14700 2272 21100 2621 14000 2382 13400 2521 15300 2551 13000 2496 13600 2555 13400 2350 12800 2605 14300 2791 18600 2623 22900 2237 13500 2289 12600 2630 13900 2447 14300 2509 13300 2401 13200 2722 15400 2443 12600 2525 12700 2546 13500 2448 25600 2737 13900 2488 13400 2336 15100 2511 14300 2170 13000 2407 15000 2656 12700 2287 13700 2278 14000 2305 18900 2698 12700 
200 10319 45200 10303 50700 9469 44500 10294 47400 10011 45800 10332 60300 9739 56000 9846 51200 9924 49100 9354 52900 9825 47100 10597 45500 9981 45900 9740 46100 9835 52500 9814 44900 9671 46700 9219 45500 9678 43700 9166 55400 9832 56300 9745 58000 9648 58200 9495 46400 9339 44800 9950 46600 10395 47700 8614 63000 10110 56000 10957 48400 10395 60700 10697 64500 9933 60100 10846 43900 10161 59500 9670 60500 9862 57200 10299 52800 10790 54900 10254 46000 
300 22169 90800 22865 95400 23368 101600 22848 100300 23049 100700 21589 95100 21665 111800 22917 100100 21318 93900 21479 98200 21929 102600 23593 98100 22975 103200 22467 97100 24087 103500 22907 95700 20728 94800 22018 98100 22017 94900 22211 96600 24205 94300 23700 95500 22649 101000 22198 92900 21726 95400 22824 92900 19946 94800 23430 109100 23454 102800 22658 107500 23195 103800 20027 93000 22134 94900 23085 97200 24177 101200 23767 92200 22534 96800 22820 104800 22262 93500 22442 100900 
400 40000 163700 38277 174800 39260 180900 38149 194200 40387 169200 39033 155000 40360 165800 40997 158100 40969 169100 35050 159600 41619 165400 40295 164400 39905 168400 38924 161100 40297 161700 39808 179400 41035 164600 40267 166700 40538 157300 38314 162100 37727 177400 41746 166500 39882 169600 39101 155400 39762 163900 37933 160300 42225 165400 40146 165100 40985 161600 39156 170100 40444 163900 37473 162400 40125 166400 37693 167600 39611 158700 39075 159200 40809 159100 38474 165500 39910 165900 40805 152600 
500 63922 247700 59756 241500 61336 243200 66083 236700 62917 239800 60424 249500 64338 238300 61815 244200 62859 245200 63690 244400 63775 245200 61657 242900 60488 254100 59352 232800 60713 234100 61057 240100 62877 244800 62008 243000 63542 239600 62228 243300 65652 239900 62585 239500 63396 232700 63411 245100 63378 246400 65508 248100 63173 248100 60664 241600 62866 238400 65721 274900 65552 255200 63669 251100 65223 241000 61642 298500 63293 255000 62721 255300 63333 306800 61088 250200 64224 234500 60339 237400 
600 91627 338600 89864 334200 87182 337200 95638 331100 87448 371300 87416 453200 89430 448200 85540 453500 85579 445600 87064 441500 83992 445500 91930 347000 89478 329100 89782 336800 89046 333600 89681 336200 92390 341200 88456 365600 86153 333900 91057 335100 90502 334400 89266 327700 92001 368900 88072 329600 90885 333300 90368 337200 85846 327400 92432 337200 89012 332100 92369 332400 89535 359700 93033 346400 93614 336000 91037 356500 87153 362000 89743 340100 90841 328100 88915 335000 90510 335600 89098 336900 
700 116419 554100 123189 604000 126489 592000 122435 641300 121117 609900 123254 594200 114974 517600 125621 444700 119322 441000 121021 460300 124377 454500 123887 444600 124474 452000 127875 437800 124974 453300 117177 434900 126305 447500 120096 449000 119990 439200 125307 437800 121218 445200 118209 432000 121427 445700 127437 440600 125837 444700 124772 448100 125999 439100 123189 460200 124867 444100 121030 445200 117890 441900 119864 440600 121065 545600 118888 450600 119500 446100 116905 450500 122070 443100 128009 443500 123743 446800 122017 443500 
800 160720 772500 152927 745900 159493 784300 159876 691500 152781 566600 159427 561200 161551 565300 164722 561300 159005 557900 158313 561400 156285 562200 160291 554100 161650 558800 160219 595700 164128 657000 157550 653500 156635 646400 158017 646100 159968 652700 165862 663800 162380 667800 149788 645500 158537 649300 164597 646700 156281 653400 156236 645300 157107 645300 162789 654200 159199 639100 156863 652500 160082 659300 162136 644700 156930 651400 153624 712900 163473 564900 159194 564600 163113 564500 163246 551400 162065 692600 155189 757200 
900 203834 714500 199625 707300 199161 690100 203223 698300 204177 689500 203560 725400 204081 691300 199843 707700 196972 711800 203361 693200 193317 705600 199240 700100 192537 709400 198571 686700 199892 682800 191818 728600 205417 705900 199050 685600 198431 711800 200652 713400 207808 694800 196264 691900 193170 690600 193906 693900 205497 692400 200154 689000 201492 701000 209952 689200 196221 708100 204707 699900 199994 701700 200933 684600 199738 710300 204065 688600 203633 691800 202996 736900 197892 704100 204752 698500 203610 734300 210578 696900 
1000 255698 850500 253034 846800 256568 873600 251388 873500 249197 848800 250367 952700 247212 842500 249450 848400 252003 924200 242763 846300 238222 837000 260593 857500 249657 851500 251389 852200 245306 849000 246173 851900 244494 854100 249929 859500 251614 862800 246584 848200 253367 850800 246031 838300 249496 844000 252751 846900 243967 855100 246658 835100 246229 878800 251539 841600 248638 844600 255395 847600 238647 903400 249963 860600 252609 839500 240485 852500 247234 862700 253584 859000 244062 845600 240847 856500 253770 829900 257710 893600 
1100 311282 1027200 304026 1021800 300740 1010300 300053 1009500 308631 1013100 295901 1022300 315071 1041400 306499 1017900 303977 1000100 296372 1021700 295964 1038200 303819 1017900 295009 1017400 302917 1336700 312693 1166600 301612 1192500 305162 1191600 308086 1171100 299407 1175900 302871 1181500 302060 1165500 298155 1156900 304188 1181700 310951 1172100 305295 1165400 298126 1164300 298238 1189200 296583 1186400 316121 1193800 307371 1196900 293415 1187400 301259 1173100 300659 1170100 307821 1169600 304215 1186800 294377 1187500 300423 1191300 300865 1250700 299601 1036800 295601 1019800 
1200 357599 1189200 345875 1226300 351396 1231500 357757 1283600 368224 1443200 357338 1336800 359575 1510600 358924 1667900 363920 1630400 353935 1631600 350885 1587300 356416 1591100 369885 1545600 365169 1529300 361041 1613600 357318 1645600 352773 1459500 380026 1317200 360782 1311800 355775 1192900 348660 1205300 356772 1200600 358760 1308500 366136 1304500 368806 1348300 348695 1283700 352626 1249400 353920 1181400 355474 1244200 349038 1913100 363832 1634400 368920 1594500 356267 1525300 349468 1543500 361868 1597200 365451 1631700 354816 1648100 368591 1633100 353553 1307700 365051 1219500 
