100 2507 18300 2773 14100 2775 14100 2409 13100 2527 13800 2621 13900 2734 13400 2719 13800 2445 13200 2720 19600 2696 14500 2515 13800 2731 13700 2430 13700 2316 12500 2474 12200 2370 12900 2483 14200 2600 13200 2404 13700 2831 12900 2632 18300 2611 13400 2497 12900 2659 14800 2565 13200 2382 12700 2303 12200 2362 13400 2803 13000 2489 13300 2286 13900 2521 13300 2601 13400 2811 14200 2822 13100 2431 12100 2331 12600 2571 14000 2806 13200 
200 10531 46100 10780 45900 10420 52900 9564 46200 9777 44600 9372 47200 11532 57600 10989 56400 10557 58500 8517 56500 10091 48000 10094 45100 10306 45700 10929 51900 10249 57600 10367 46800 9794 45500 9856 52900 10329 49600 10323 46700 9619 46400 9857 54600 10092 46200 9535 48900 10240 45700 10150 47900 10588 51800 10407 46100 9536 49200 10438 46000 10828 49700 10664 44100 9835 48600 10156 45800 10325 51200 10475 51800 10403 44900 9719 46400 10295 46700 10157 44200 
300 23226 94200 23348 96500 23382 101900 22038 98300 23000 95500 23108 96400 23187 93500 23072 101800 21193 95600 21430 108500 23221 125100 23064 128500 23598 121600 23091 112600 22622 102400 25697 98100 22015 91800 22220 94100 21410 95300 23010 94000 23509 95400 23494 96800 23390 98300 21703 103200 22975 96900 23864 93500 22595 93300 23190 99300 21426 98600 23313 96300 22418 96600 22626 102200 22578 103800 21965 110700 22355 101800 22214 98100 22820 102000 24045 95600 22499 100200 22337 96400 
400 41091 163600 40128 159000 40198 211300 41232 211400 40857 213800 42095 166600 39905 163600 41172 169100 40894 174300 39659 162500 39630 169500 39243 162700 38331 198800 38312 178300 40101 173700 40642 162000 39019 225500 45072 190400 38651 157600 41159 169200 41706 160300 40998 157000 38304 168000 38382 161600 39475 165200 39278 159000 40060 165500 37770 160500 40225 164200 39054 202800 41127 197500 41730 219700 42340 204800 37090 166400 42339 162200 39132 161400 38572 156600 41714 161500 39135 168700 42004 171200 
500 63206 239500 59399 240600 63317 259100 63929 256600 65667 244500 61471 249500 60791 247600 65344 250400 64871 244500 60914 245000 62596 247900 61326 247300 61542 333100 64690 270900 63671 269400 62043 240700 61379 258700 63732 265100 62640 295400 62653 311400 64051 254800 62544 240700 59958 243900 60594 244600 62469 239900 61457 242600 58893 241300 62849 242800 63819 263700 61448 245100 64796 246800 60536 242600 58797 244800 63961 299800 60686 248200 61016 252800 61415 312500 65618 313700 62774 317700 61347 254200 
600 90565 341100 90921 337900 89734 340600 93905 334100 91449 399400 91618 342800 88334 408000 86413 337700 89528 374300 92208 337300 88192 368000 90876 429900 90863 392900 94838 336100 90477 360700 89953 348800 89747 333000 93385 338900 88623 334500 96011 356000 85607 376600 87933 333100 92632 348000 90334 352000 87616 341200 86063 439900 89346 421100 88475 339500 92439 337700 93122 342400 94019 341000 88024 337800 89408 341100 91573 342700 87675 339700 91941 350100 93220 447500 88391 344200 93981 340100 92180 346800 
700 124361 586800 122145 604400 123553 601400 128540 608600 119462 592700 128814 597700 119109 600700 126355 591300 121072 597900 124889 601200 124564 598300 123067 579000 123212 581700 124300 580000 115730 576800 116694 564700 121752 561500 120950 550300 123943 550900 117390 563100 127396 573600 118782 593900 117984 592200 123494 596300 120008 590200 124869 465800 122498 444000 121592 455100 121748 441900 120077 443300 121366 492100 122097 502200 120264 723300 123844 603000 120632 589500 120517 604600 124505 599300 119153 606700 125818 604500 120138 614400 
800 156516 574500 164979 666900 165351 593400 159847 640800 164600 1045900 158058 764400 160242 758200 163074 760500 160434 753900 155943 758400 170857 774700 156152 773600 166947 776700 158351 772900 160999 776400 156675 753600 165052 772700 159521 764800 163724 781800 162738 766900 155198 754600 162497 729100 153563 740300 164292 742200 161698 735500 169994 662400 155789 565800 160740 558500 162606 575100 158918 608300 160667 579200 159691 564900 160638 631400 162721 652100 157965 569200 158583 572400 164169 573100 170498 562800 156459 563100 159868 569300 
900 209221 714100 196353 740300 204070 716000 203305 714300 201199 717300 210959 710800 214036 698400 205477 700000 195989 724800 197314 707600 201353 720200 199988 713500 198877 705400 205766 759700 205321 702700 194559 711400 200406 714800 202624 728400 198645 720000 201454 714900 199809 714300 199373 710500 195356 718100 199121 823900 200545 952700 203808 709300 207136 715900 208950 709800 204824 720600 205119 707400 194107 710400 201492 696800 194174 708600 194267 723800 204377 697500 199995 715600 202262 699000 205410 702500 200980 731700 203204 703000 
1000 253103 881000 248934 904400 253501 864400 247844 877700 248568 851800 244604 866600 243560 871100 244718 866100 239100 852700 250588 851100 250923 873600 244646 1008200 248072 881100 246009 870800 253763 865900 250005 879600 249813 882500 250270 893700 253264 861300 246961 884900 244797 871100 240871 920700 249426 860400 237676 850000 245948 864200 250989 869200 245933 879600 257908 879700 257960 855900 255894 878800 244668 877100 249927 1110700 251524 874900 253152 864200 240026 872200 246914 860500 255776 864200 245446 862500 243620 867300 255478 853000 
1100 299392 1071900 303501 1047400 302931 1026500 309523 1094500 311203 1058000 314771 1058400 307706 1051200 300903 1033000 306576 1040500 301111 1042300 306266 1030500 315271 1040000 300862 1048200 305908 1034700 302959 1062700 293171 1048100 299117 1024200 295250 1036500 303089 1087300 311293 1039400 295771 1019700 305014 1043700 307509 1086100 305059 1033600 300097 1036300 298577 1062100 292308 1019700 299477 1044500 308866 1049400 295323 1051900 303893 1030700 296922 1036500 307690 1090300 309321 1067600 309716 1049600 293549 1040000 310452 1041800 310337 1015600 309142 1135400 312514 1054500 
1200 362315 1248900 367915 1946500 368547 1244300 364693 1238000 370736 1240000 362206 1240000 351074 1300700 374131 1245400 361744 1231600 359718 1354100 358915 1218800 364374 1214300 367127 1462700 357872 1556800 368363 1560300 346684 1612600 361548 1654000 357762 1645200 359807 1670300 357500 1663000 357650 1754700 359003 1697900 356170 1312000 366228 1226500 354957 1208800 351250 1320200 370207 1224200 362592 1227900 370827 1260400 359775 1334000 353788 1429000 362019 1249500 362601 1243200 357317 1262300 362963 1567300 354845 1410100 344778 1592400 365282 1585900 369438 1538000 358280 1645300 
