100 2674 2700 2481 8800 2193 2100 2652 2200 2385 2100 2765 2200 2641 2300 2272 2100 2621 2300 2382 2100 2521 2200 2551 2200 2496 4300 2555 3700 2350 2200 2605 2200 2791 2300 2623 2200 2237 2100 2289 3000 2630 6100 2447 4400 2509 2300 2401 2100 2722 2400 2443 2100 2525 2100 2546 4000 2448 2200 2737 2600 2488 2100 2336 2200 2511 2200 2170 2000 2407 3500 2656 2200 2287 2000 2278 2100 2305 2100 2698 2300 
200 10319 10900 10303 11400 9469 10700 10294 12000 10011 10800 10332 11300 9739 10500 9846 14200 9924 10000 9354 9900 9825 10800 10597 13800 9981 9600 9740 10400 9835 10500 9814 12800 9671 11100 9219 9400 9678 10700 9166 10100 9832 11100 9745 10500 9648 19900 9495 10500 9339 13700 9950 9800 10395 11600 8614 8900 10110 14200 10957 11200 10395 11800 10697 11300 9933 14000 10846 11300 10161 12800 9670 6400 9862 10400 10299 6600 10790 6900 10254 6600 
300 22169 13900 22865 13800 23368 15400 22848 13800 23049 14100 21589 14600 21665 13300 22917 13900 21318 15400 21479 13000 21929 13100 23593 15400 22975 13800 22467 13400 24087 17600 22907 13800 20728 12500 22018 19600 22017 13300 22211 13400 24205 15600 23700 14300 22649 13700 22198 14800 21726 13200 22824 13600 19946 13500 23430 13900 23454 13900 22658 14900 23195 13900 20027 12200 22134 14900 23085 13800 24177 14300 23767 15600 22534 13400 22820 13700 22262 17300 22442 13500 
400 40000 26900 38277 22300 39260 28700 38149 22000 40387 23200 39033 23800 40360 23200 40997 24800 40969 23700 35050 21800 41619 23900 40295 23200 39905 28600 38924 22400 40297 26300 39808 23100 41035 25100 40267 23100 40538 23300 38314 22200 37727 21800 41746 30000 39882 25500 39101 25800 39762 23000 37933 21900 42225 24300 40146 23000 40985 24900 39156 22600 40444 29400 37473 21900 40125 24500 37693 21700 39611 23000 39075 23800 40809 23700 38474 23500 39910 23000 40805 24700 
500 63922 56100 59756 50700 61336 56200 66083 68800 62917 60100 60424 55500 64338 61500 61815 65400 62859 66200 63690 62400 63775 64200 61657 64200 60488 63000 59352 61700 60713 66600 61057 57100 62877 62100 62008 60100 63542 68000 62228 60300 65652 64100 62585 69900 63396 58100 63411 64100 63378 61000 65508 69700 63173 60800 60664 62600 62866 62500 65721 66800 65552 67000 63669 66100 65223 71000 61642 60600 63293 64200 62721 60600 63333 60900 61088 60600 64224 61900 60339 65800 
600 91627 57100 89864 50100 87182 50300 95638 53300 87448 50300 87416 54500 89430 49900 85540 49200 85579 49200 87064 48900 83992 52600 91930 51400 89478 51300 89782 51200 89046 49900 89681 51500 92390 52500 88456 53000 86153 49500 91057 50800 90502 50900 89266 51400 92001 51300 88072 57000 90885 51900 90368 56400 85846 48100 92432 52800 89012 62900 92369 56300 89535 57500 93033 52000 93614 53400 91037 62200 87153 57700 89743 52200 90841 50700 88915 51300 90510 52200 89098 49700 
700 116419 68200 123189 73800 126489 70500 122435 69500 121117 70700 123254 72400 114974 65600 125621 70800 119322 67100 121021 70700 124377 69900 123887 70200 124474 68700 127875 74700 124974 70400 117177 65900 126305 69800 120096 71400 119990 74300 125307 70900 121218 67200 118209 72100 121427 68700 127437 70400 125837 70100 124772 74800 125999 71100 123189 68200 124867 75100 121030 68400 117890 66500 119864 67900 121065 68000 118888 71300 119500 65900 116905 64800 122070 68600 128009 76000 123743 69500 122017 69000 
800 160720 154300 152927 152600 159493 149600 159876 157800 152781 145300 159427 159600 161551 158400 164722 155900 159005 155100 158313 150200 156285 154500 160291 157500 161650 152800 160219 156400 164128 155000 157550 155400 156635 148700 158017 157400 159968 157300 165862 155300 162380 161100 149788 142700 158537 156100 164597 125200 156281 92300 156236 86000 157107 88100 162789 95000 159199 90000 156863 88400 160082 94400 162136 92400 156930 89000 153624 90400 163473 93000 159194 89500 163113 94900 163246 92300 162065 91200 155189 86700 
900 203834 117700 199625 111000 199161 110500 203223 120400 204177 114100 203560 120000 204081 115300 199843 110700 196972 111700 203361 113600 193317 111800 199240 110700 192537 108800 198571 113900 199892 110700 191818 112300 205417 114200 199050 110400 198431 114800 200652 111000 207808 120500 196264 108300 193170 109300 193906 111000 205497 114100 200154 114600 201492 111400 209952 115900 196221 112400 204707 114100 199994 114700 200933 111600 199738 112500 204065 115800 203633 111800 202996 117200 197892 110500 204752 118200 203610 114700 210578 117400 
1000 255698 148900 253034 139900 256568 145200 251388 140000 249197 141300 250367 138100 247212 165600 249450 168000 252003 139300 242763 133700 238222 137600 260593 143200 249657 138400 251389 144100 245306 135200 246173 139600 244494 151400 249929 138000 251614 142700 246584 135800 253367 143500 246031 135400 249496 140800 252751 140400 243967 137400 246658 135700 246229 139100 251539 138300 248638 140000 255395 139500 238647 167500 249963 139300 252609 177500 240485 139400 247234 136200 253584 143600 244062 134700 240847 134300 253770 143700 257710 146000 
1100 311282 176000 304026 171500 300740 235100 300053 179400 308631 183400 295901 171300 315071 175200 306499 180200 303977 167200 296372 168200 295964 166500 303819 166200 295009 165100 302917 171500 312693 175800 301612 169200 305162 167600 308086 173800 299407 163700 302871 174500 302060 169900 298155 163600 304188 170800 310951 171800 305295 170800 298126 171900 298238 163800 296583 166400 316121 173000 307371 171900 293415 164900 301259 171000 300659 168500 307821 169000 304215 170700 294377 165800 300423 166900 300865 169200 299601 163900 295601 165600 
1200 357599 200400 345875 193500 351396 192200 357757 200300 368224 208000 357338 201800 359575 196800 358924 200000 363920 210400 353935 196800 350885 195600 356416 199200 369885 202100 365169 210500 361041 201600 357318 200000 352773 193800 380026 215000 360782 209200 355775 199400 348660 190700 356772 198800 358760 201800 366136 213000 368806 206600 348695 195800 352626 193400 353920 198500 355474 206500 349038 196000 363832 198900 368920 205500 356267 203200 349468 255400 361868 227900 365451 206700 354816 200300 368591 212500 353553 194400 365051 203700 
