100 2507 2600 2773 2600 2775 2300 2409 2100 2527 2200 2621 2200 2734 2200 2719 2500 2445 2100 2720 2300 2696 2200 2515 2200 2731 3900 2430 3600 2316 2000 2474 2100 2370 2100 2483 2200 2600 2200 2404 2100 2831 6200 2632 2800 2611 2200 2497 2100 2659 2100 2565 2100 2382 2100 2303 4200 2362 2300 2803 2800 2489 2600 2286 3100 2521 2200 2601 2200 2811 3900 2822 2300 2431 2100 2331 2500 2571 3200 2806 2600 
200 10531 10800 10780 7800 10420 6700 9564 6300 9777 6400 9372 6100 11532 7400 10989 9000 10557 6900 8517 5700 10091 12800 10094 8600 10306 6700 10929 6900 10249 6700 10367 8200 9794 6400 9856 6300 10329 6600 10323 6500 9619 6200 9857 6500 10092 6500 9535 9900 10240 8100 10150 6500 10588 7000 10407 6600 9536 7600 10438 6700 10828 6800 10664 6900 9835 7700 10156 6600 10325 6800 10475 7100 10403 8900 9719 7000 10295 7000 10157 6900 
300 23226 13900 23348 13800 23382 15100 22038 13000 23000 13600 23108 19200 23187 17500 23072 18800 21193 14700 21430 12700 23221 13600 23064 15000 23598 13700 23091 13500 22622 14700 25697 14800 22015 13500 22220 15300 21410 12700 23010 13600 23509 15200 23494 13700 23390 13700 21703 14200 22975 13600 23864 14000 22595 14900 23190 13700 21426 17500 23313 15300 22418 13200 22626 13400 22578 14600 21965 12900 22355 13100 22214 14700 22820 13400 24045 14000 22499 14700 22337 13200 
400 41091 26000 40128 28600 40198 25600 41232 30000 40857 23500 42095 25600 39905 23000 41172 24800 40894 23400 39659 24300 39630 23100 39243 24000 38331 28800 38312 22400 40101 24500 40642 23100 39019 23700 45072 25600 38651 22400 41159 29600 41706 24000 40998 29900 38304 22300 38382 23400 39475 22800 39278 23100 40060 23700 37770 23300 40225 25100 39054 23000 41127 25300 41730 24300 42340 26400 37090 22000 42339 24600 39132 24100 38572 22400 41714 25000 39135 22400 42004 25600 
500 63206 66300 59399 59200 63317 57000 63929 60300 65667 68700 61471 55300 60791 56900 65344 66500 64871 68300 60914 59400 62596 61200 61326 67200 61542 64400 64690 65500 63671 63200 62043 56400 61379 57600 63732 55000 62640 58400 62653 60400 64051 65500 62544 61000 59958 51000 60594 59400 62469 55600 61457 60800 58893 66100 62849 64200 63819 63800 61448 64500 64796 69300 60536 59900 58797 58300 63961 59700 60686 66300 61016 60600 61415 57000 65618 70500 62774 61200 61347 53400 
600 90565 52200 90921 55200 89734 51300 93905 52100 91449 53800 91618 51900 88334 53200 86413 49900 89528 50600 92208 53600 88192 50100 90876 54700 90863 52800 94838 53300 90477 49900 89953 50900 89747 55000 93385 51400 88623 50500 96011 53200 85607 47700 87933 54200 92632 51300 90334 58100 87616 49400 86063 48700 89346 54400 88475 54000 92439 57000 93122 54400 94019 53300 88024 53600 89408 52400 91573 53400 87675 48200 91941 54100 93220 55900 88391 50300 93981 55000 92180 50900 
700 124361 119200 122145 115800 123553 121800 128540 125800 119462 69000 128814 70800 119109 66800 126355 69900 121072 67200 124889 68500 124564 69600 123067 68500 123212 67200 124300 67700 115730 180400 116694 76400 121752 66200 120950 100900 123943 68900 117390 66100 127396 69600 118782 67000 117984 66900 123494 68600 120008 66900 124869 70300 122498 246400 121592 67300 121748 71400 120077 88900 121366 108000 122097 67900 120264 68200 123844 74800 120632 66100 120517 66100 124505 69100 119153 70900 125818 69200 120138 72900 
800 156516 86400 164979 90500 165351 96500 159847 88500 164600 90900 158058 91500 160242 88200 163074 89300 160434 92600 155943 119400 170857 150500 156152 141700 166947 167800 158351 130200 160999 151600 156675 145000 165052 162800 159521 149000 163724 145900 162738 160100 155198 144700 162497 96300 153563 86800 164292 90700 161698 95400 169994 92100 155789 87600 160740 95000 162606 89600 158918 87200 160667 91400 159691 89500 160638 88800 162721 94300 157965 87600 158583 96800 164169 95600 170498 94500 156459 86100 159868 88300 
900 209221 114000 196353 107400 204070 115800 203305 111800 201199 113500 210959 117400 214036 119500 205477 115600 195989 106600 197314 112500 201353 112200 199988 110100 198877 112200 205766 112800 205321 117200 194559 106900 200406 110800 202624 114300 198645 108900 201454 117200 199809 110200 199373 108200 195356 111200 199121 110300 200545 110000 203808 116900 207136 112900 208950 117600 204824 111800 205119 114700 194107 114700 201492 111500 194174 158800 194267 108100 204377 111100 199995 110900 202262 110500 205410 112000 200980 109500 203204 117600 
1000 253103 139400 248934 140700 253501 137800 247844 138200 248568 135700 244604 138000 243560 133600 244718 136700 239100 132300 250588 140500 250923 135600 244646 139300 248072 134700 246009 139200 253763 139500 250005 142800 249813 135900 250270 141000 253264 140400 246961 139900 244797 136100 240871 132800 249426 139000 237676 131000 245948 137800 250989 136200 245933 139700 257908 142200 257960 144000 255894 138300 244668 137600 249927 137400 251524 141400 253152 142300 240026 137400 246914 136500 255776 145100 245446 134200 243620 136900 255478 139000 
1100 299392 169300 303501 168400 302931 172200 309523 168400 311203 173500 314771 175400 307706 169900 300903 169100 306576 166800 301111 168400 306266 171600 315271 174000 300862 169800 305908 167200 302959 167400 293171 164900 299117 164900 295250 220900 303089 248900 311293 175700 295771 163400 305014 169900 307509 167800 305059 191800 300097 164500 298577 168300 292308 162200 299477 163200 308866 172200 295323 164800 303893 170400 296922 164900 307690 167800 309321 173800 309716 168000 293549 166900 310452 175000 310337 169500 309142 172800 312514 170500 
1200 362315 344700 367915 347200 368547 347300 364693 346200 370736 350100 362206 341600 351074 334100 374131 357500 361744 342300 359718 341500 358915 342300 364374 348600 367127 347900 357872 338700 368363 347400 346684 330700 361548 346100 357762 337700 359807 340500 357500 337300 357650 338000 359003 218600 356170 198300 366228 201300 354957 190800 351250 193800 370207 206100 362592 196600 370827 203600 359775 197300 353788 191200 362019 202200 362601 199300 357317 192600 362963 198200 354845 195200 344778 197200 365282 199300 369438 209000 358280 204700 
